11
27,151,160
-4.622,3.223,0
-3.159,3.077,0
-4.546,4.067,0
-3.082,3.939,0
-4.454,5.372,0
-2.987,5.269,0
-4.363,6.686,0
-2.896,6.588,0
-4.303,7.539,0
-2.836,7.441,0
5
27,151,160
-4.302,7.537,0
-2.835,7.443,0
-4.306,7.519,0
-2.839,7.424,0
5
27,151,160
-4.306,7.518,0
-2.839,7.426,0
-4.309,7.521,0
-2.842,7.423,0
7
27,151,160
-6.31,82.475,0
-7.779,82.524,0
-6.296,81.602,0
-7.766,81.615,0
-6.293,81.07,0
-7.763,81.072,0
5
27,151,160
-6.292,81.07,0
-7.762,81.072,0
-6.283,81.068,0
-7.753,81.074,0
5
27,151,160
-4.809,-83.335,0
-3.339,-83.333,0
-4.696,-83.725,0
-3.226,-83.722,0
7
27,151,160
-4.583,-84.151,0
-3.113,-84.149,0
-4.425,-85.06,0
-2.955,-85.057,0
-4.414,-85.116,0
-2.944,-85.113,0
5
27,151,160
-4.414,-85.153,0
-2.944,-85.15,0
-4.414,-85.282,0
-2.944,-85.28,0
5
27,151,160
-4.425,-85.338,0
-2.955,-85.336,0
-4.425,-85.357,0
-2.955,-85.354,0
